6.975000e-01    5.301266e+01    1.312395e-01    5.270061e+01    1.433447e-01
1.464380e+00    1.446812e+01    1.120783e-01    1.454123e+01    1.131853e-01
2.231250e+00    3.758220e+00    5.154552e-02    3.819200e+00    4.655484e-02
2.958000e+00    1.521610e+00    2.124123e-02    1.531300e+00    2.366026e-02
5.218500e+00    1.005650e+00    2.548024e-03    1.016560e+00    4.495385e-03
5.985380e+00    1.004480e+00    2.081569e-03    1.015550e+00    4.506729e-03
7.478740e+00    1.004590e+00    2.274563e-03    1.016140e+00    4.792713e-03
9.698810e+00    1.005200e+00    2.597590e-03    1.016750e+00    5.015884e-03
1.123268e+01    1.005150e+00    2.671870e-03    1.014180e+00    5.048012e-03
1.648005e+01    9.814800e-01    5.663065e-03    9.722000e-01    7.059631e-03
1.946704e+01    8.685100e-01    1.098805e-02    8.577300e-01    1.144848e-02
2.097015e+01    7.386400e-01    1.362819e-02    7.346400e-01    1.324098e-02
2.245403e+01    5.904900e-01    1.557160e-02    5.890100e-01    1.462563e-02
2.394750e+01    4.533700e-01    1.727242e-02    4.511800e-01    1.402766e-02
