x1	y1	ey1	x2	y2	ey2
1.320890e+00	8.220000e-03	2.993530e-03	1.320890e+00	4.100000e-03	1.839520e-03
1.485780e+00	8.630000e-03	2.848550e-03	1.485780e+00	3.730000e-03	1.942900e-03
1.578530e+00	9.650000e-03	3.046360e-03	1.578530e+00	5.010000e-03	2.217900e-03
1.714220e+00	2.140000e-02	4.550500e-03	1.714220e+00	3.078000e-02	5.873380e-03
1.791520e+00	1.231200e-01	8.911780e-03	1.791520e+00	2.607300e-01	1.335900e-02
1.875680e+00	4.608800e-01	1.600140e-02	1.875680e+00	5.226700e-01	1.596590e-02
1.930640e+00	6.608700e-01	1.475570e-02	1.930640e+00	6.764300e-01	1.451320e-02
1.989040e+00	7.898800e-01	1.352460e-02	1.989040e+00	8.301900e-01	1.169970e-02
2.138470e+00	9.756600e-01	4.999430e-03	2.138470e+00	9.863400e-01	3.872250e-03
2.427030e+00	9.877800e-01	3.523600e-03	2.427030e+00	9.926100e-01	2.601070e-03
2.519780e+00	9.882900e-01	3.571200e-03	2.519780e+00	9.924400e-01	3.056110e-03
2.804910e+00	9.896000e-01	3.681790e-03	2.804910e+00	9.926700e-01	2.554680e-03
2.974950e+00	9.898400e-01	3.090290e-03	2.974950e+00	9.928800e-01	2.400670e-03
3.165600e+00	9.901000e-01	3.506130e-03	3.165600e+00	9.927700e-01	2.530040e-03
4.263160e+00	9.900700e-01	2.697750e-03	4.263160e+00	9.928100e-01	2.517390e-03
4.668510e+00	9.903100e-01	3.205720e-03	4.668510e+00	9.930700e-01	2.731250e-03
5.159750e+00	9.905600e-01	3.098780e-03	5.159750e+00	9.931800e-01	2.500020e-03
6.322570e+00	9.907900e-01	2.995940e-03	6.322570e+00	9.936700e-01	2.486550e-03
6.322570e+00	9.907100e-01	3.131120e-03	6.322570e+00	9.926900e-01	2.316800e-03
7.258670e+00	9.906300e-01	3.141950e-03	7.258670e+00	9.931400e-01	2.803390e-03
9.799020e+00	9.912000e-01	3.126940e-03	9.799020e+00	9.932300e-01	2.461240e-03
1.088800e+01	9.915100e-01	2.869190e-03	1.088800e+01	9.937300e-01	2.264590e-03
1.224830e+01	9.908800e-01	2.690350e-03	1.224830e+01	9.937900e-01	2.413330e-03
1.306420e+01	9.909300e-01	3.026000e-03	1.306420e+01	9.931600e-01	2.431780e-03
1.507380e+01	9.915800e-01	2.708680e-03	1.507380e+01	9.936200e-01	2.627670e-03
serie	param0	param1	param2
Adam	9.835369e-01	1.877012e+00	1.580876e-01
Adam-irr	9.606317e-01	2.139471e+00	1.776862e-01
Grand	9.901624e-01	1.895421e+00	1.340461e-01
Mini	9.930581e-01	1.877649e+00	1.470695e-01
