x1	y1	ey1
x2	y2	ey21.320890e+00	3.920000e-03	1.978061e-031.320890e+00	3.740000e-03	1.867424e-03
1.485780e+00	3.620000e-03	1.926844e-031.485780e+00	3.370000e-03	1.773287e-03
1.578530e+00	4.850000e-03	2.152635e-031.578530e+00	3.620000e-03	1.911052e-03
1.714220e+00	3.072000e-02	5.956204e-031.714220e+00	6.040000e-03	2.741083e-03
1.791520e+00	2.619400e-01	1.413129e-021.791520e+00	1.381000e-02	3.661691e-03
1.875680e+00	5.236200e-01	1.675479e-021.875680e+00	1.819500e-01	1.339258e-02
1.930640e+00	6.767700e-01	1.421754e-021.930640e+00	3.817500e-01	1.550977e-02
1.989040e+00	8.309500e-01	1.164836e-021.989040e+00	6.676500e-01	1.551042e-02
2.138470e+00	9.864600e-01	3.846604e-032.138470e+00	9.808900e-01	4.631676e-03
2.427030e+00	9.924700e-01	2.579856e-032.427030e+00	9.921200e-01	2.709057e-03
2.519780e+00	9.923100e-01	3.017441e-032.519780e+00	9.921200e-01	2.999259e-03
2.804910e+00	9.925200e-01	2.630359e-032.804910e+00	9.926200e-01	2.588943e-03
2.974950e+00	9.927100e-01	2.475312e-032.974950e+00	9.927500e-01	2.434495e-03
3.165600e+00	9.926400e-01	2.591829e-033.165600e+00	9.926800e-01	2.569754e-03
4.263160e+00	9.927800e-01	2.508893e-034.263160e+00	9.927600e-01	2.539068e-03
4.668510e+00	9.928900e-01	2.729913e-034.668510e+00	9.930200e-01	2.704205e-03
5.159750e+00	9.931200e-01	2.503654e-035.159750e+00	9.931600e-01	2.477046e-03
6.322570e+00	9.936800e-01	2.424121e-036.322570e+00	9.935400e-01	2.492088e-03
6.322570e+00	9.925900e-01	2.370249e-036.322570e+00	9.925600e-01	2.354107e-03
7.258670e+00	9.930500e-01	2.815452e-037.258670e+00	9.930600e-01	2.813460e-03
9.799020e+00	9.932200e-01	2.443627e-039.799020e+00	9.932000e-01	2.445363e-03
1.088800e+01	9.936700e-01	2.335735e-031.088800e+01	9.936600e-01	2.370782e-03
1.224830e+01	9.937600e-01	2.470513e-031.224830e+01	9.938100e-01	2.410813e-03
1.306420e+01	9.931000e-01	2.376229e-031.306420e+01	9.930700e-01	2.392138e-03
1.507380e+01	9.935100e-01	2.724728e-031.507380e+01	9.935600e-01	2.637415e-03
serie	param0	param1	param2
Adam	9.835369e-01	1.877012e+00	1.580876e-01
Adam-irr	9.606317e-01	2.139471e+00	1.776862e-01
CBC2	9.929758e-01	1.877986e+00	1.468264e-01
CBC3	9.929594e-01	1.953371e+00	1.114004e-01
