6.975000e-01    7.540434e+01    2.108429e-01    6.935983e+01    2.000924e-01
1.464380e+00    1.556714e+01    1.235125e-01    1.446424e+01    1.140826e-01
2.231250e+00    3.958500e+00    5.467988e-02    4.013540e+00    5.040972e-02
2.958000e+00    1.656670e+00    2.558016e-02    1.667490e+00    2.879376e-02
5.218500e+00    1.099340e+00    1.305870e-02    1.154500e+00    1.795364e-02
5.985380e+00    1.088970e+00    1.232838e-02    1.142280e+00    1.785694e-02
7.478740e+00    1.073810e+00    1.115610e-02    1.121040e+00    1.600437e-02
9.698810e+00    1.056730e+00    9.345074e-03    1.090210e+00    1.298274e-02
1.123268e+01    1.047740e+00    8.389050e-03    1.071200e+00    1.110192e-02
1.648005e+01    1.007360e+00    8.042212e-03    1.001740e+00    1.060267e-02
1.946704e+01    8.883200e-01    1.197462e-02    8.773100e-01    1.381822e-02
2.097015e+01    7.559900e-01    1.403063e-02    7.500800e-01    1.548455e-02
2.245403e+01    6.054700e-01    1.634752e-02    6.019400e-01    1.556727e-02
2.394750e+01    4.660300e-01    1.791645e-02    4.643100e-01    1.486484e-02
